rarl:
tensor([ 4,  5,  0,  3, 18, 16, 15,  1, 14,  7,  0, 12,  2, 11, 19,  6, 17,  0,
        17, 13, 10,  8,  0,  8, 20,  0,  9,  0,  0,  0,  0])
reward: -7.9927215576171875


rl:
tensor([14,  1, 15, 16,  0,  5,  4,  0,  3, 18, 12,  2,  0, 13, 11, 19,  6, 17,
         0, 17, 10,  8, 20,  9,  0,  7,  0,  0,  0])
reward: -10.187134742736816


无adv:
rarl：
[4, 3, 5, 0, 18, 12, 2, 11, 19, 6, 17, 13, 10, 8, 20, 0, 16, 15, 1, 14, 7, 0, 9, 0, 0]

reward: - 6.6888885498046875

rl:
[14,  1, 15, 16,  5,  4,  0,  3, 18, 12,  2, 10,  0, 11, 19,  6, 17, 13,
         8,  0,  8,  0,  9, 20,  7,  0,  0,  0]
reward: - 6.622411727905273